
In [1]: stereoCams.printCam()
cam1 =  [[ 1.  0.  0.]
 [ 0.  1.  0.]
 [ 0.  0.  1.]]
dist 1 =  [ 0.  0.  0.  0.  0.]
cam2 =  [[ 1.  0.  0.]
 [ 0.  1.  0.]
 [ 0.  0.  1.]]
dist2 =  [ 0.  0.  0.  0.  0.]
R1 =  [[  9.91288816e-01   1.31705907e-01   1.94582848e-04]
 [ -1.31705898e-01   9.91288834e-01  -5.86415974e-05]
 [ -2.00611249e-04   3.25030510e-05   9.99999979e-01]]
R2 =  [[  9.78117607e-01   2.08052562e-01   2.79623815e-04]
 [ -2.08052575e-01   9.78117644e-01   1.65138105e-05]
 [ -2.70069247e-04  -7.43289036e-05   9.99999961e-01]]
P1 =  [[  1.00000000e+00   0.00000000e+00   3.26920373e+03   0.00000000e+00]
 [  0.00000000e+00   1.00000000e+00   4.25539812e+03   0.00000000e+00]
 [  0.00000000e+00   0.00000000e+00   1.00000000e+00   0.00000000e+00]]
P2 =  [[  1.00000000e+00   0.00000000e+00   3.26920373e+03  -1.28310793e+01]
 [  0.00000000e+00   1.00000000e+00   4.25539812e+03   0.00000000e+00]
 [  0.00000000e+00   0.00000000e+00   1.00000000e+00   0.00000000e+00]]
Q =  [[  1.00000000e+00   0.00000000e+00   0.00000000e+00  -3.26920373e+03]
 [  0.00000000e+00   1.00000000e+00   0.00000000e+00  -4.25539812e+03]
 [  0.00000000e+00   0.00000000e+00   0.00000000e+00   1.00000000e+00]
 [  0.00000000e+00   0.00000000e+00   7.79357667e-02  -0.00000000e+00]]
R =  [[  9.96998850e-01  -7.74163369e-02  -6.75437965e-05]
 [  7.74163306e-02   9.96998848e-01  -9.12038231e-05]
 [  7.44017532e-05   8.57011138e-05   9.99999994e-01]]
T =  [[ -1.25503045e+01]
 [ -2.66953892e+00]
 [ -3.58787534e-03]]
K1 =  [[  1.00000000e+00   0.00000000e+00   3.26920373e+03]
 [  0.00000000e+00   1.00000000e+00   4.25539812e+03]
 [  0.00000000e+00   0.00000000e+00   1.00000000e+00]]
K2 =  [[  1.00000000e+00   0.00000000e+00   3.26920373e+03]
 [  0.00000000e+00   1.00000000e+00   4.25539812e+03]
 [  0.00000000e+00   0.00000000e+00   1.00000000e+00]]
F =  [[  8.20696039e-02   3.47219584e+00  -2.76829837e+03]
 [ -2.74113294e+00   1.40340165e+00   1.30146011e+04]
 [  1.75244733e+03  -1.31898536e+04   1.00000000e+00]]
E =  [[  7.91417677e-05   3.34832512e-03  -2.66953923e+00]
 [ -2.64334292e-03   1.35333524e-03   1.25503047e+01]
 [  1.68992870e+00  -1.27193051e+01   9.64324963e-04]]

In [2]: stereoCams.M1
Out[2]:
array([[  3.34712939e+03,   0.00000000e+00,   1.63130716e+03],
       [  0.00000000e+00,   3.35181445e+03,   1.21224310e+03],
       [  0.00000000e+00,   0.00000000e+00,   1.00000000e+00]])

In [3]: stereoCams.M2
Out[3]:
array([[  3.27327246e+03,   0.00000000e+00,   1.66529012e+03],
       [  0.00000000e+00,   3.29012109e+03,   1.24634779e+03],
       [  0.00000000e+00,   0.00000000e+00,   1.00000000e+00]])
